X=2*rand(1000,1);
Y=-2*X+3;
